7.00542273583
5.71085300388
5.02882720168
4.58181748631
4.25635831578
4.00404241306
3.8000541375
3.63010555759
3.48527772712
3.35966028011
3.2491517558
3.15079957381
3.06241362635
2.98232842342
2.90925049381
2.84215701914
2.78022647407
2.72278993688
2.66929613868
2.61928587699
2.57237295531
2.52822976143
2.48657620169
2.44717110215
2.40980544961
2.37429702264
2.34048608574
2.30823190544
2.27740990826
2.24790934495
2.21963135704
2.19248736619
2.16639772408
2.14129057433
2.11710088806
2.09376964225
2.07124311687
2.0494722904
2.02841231838
2.00802208114
1.9882637907
1.96910264734
1.95050653894
1.93244577658
1.91489286166
1.89782227982
1.88121031842
1.86503490409
1.84927545812
1.83391276716
1.8189288675
1.80430694112
1.79003122229
1.77608691329
1.76246010838
1.74913772493
1.73610744104
1.72335763883
1.71087735293
1.69865622345
1.68668445312
1.6749527681
1.66345238208
1.65217496336
1.64111260468
1.63025779544
1.61960339612
1.60914261471
1.59886898503
1.58877634653
1.57885882579
1.56911081929
1.55952697741
1.55010218968
1.54083157097
1.53171044872
1.52273435102
1.51389899551
1.50520027904
1.49663426795
1.48819718915
1.47988542155
1.47169548825
1.46362404909
1.45566789373
1.44782393511
1.44008920342
1.43246084021
1.42493609316
1.41751231087
1.41018693812
1.40295751139
1.39582165456
1.38877707495
1.38182155947
1.37495297112
1.36816924554
1.36146838788
1.35484846971
1.34830762621
1.34184405341
1.33545600565
1.32914179315
1.32289977965
1.31672838024
1.31062605929
1.30459132843
1.29862274468
1.29271890867
1.2868784629
1.28110009015
1.2753825119
1.26972448687
1.26412480961
1.25858230915
1.25309584775
1.24766431963
1.24228664982
1.23696179308
1.23168873278
1.22646647991
1.2212940721
1.21617057268
1.2110950698
1.20606667556
1.20108452522
1.19614777636
1.19125560819
1.18640722078
1.1816018344
1.17683868883
1.17211704276
1.16743617314
1.1627953746
1.1581939589
1.15363125438
1.14910660544
1.14461937204
1.1401689292
1.13575466658
1.13137598797
1.12703231091
1.12272306627
1.11844769783
1.11420566189
1.10999642697
1.10581947334
1.10167429277
1.09756038816
1.09347727322
1.08942447218
1.08540151944
1.08140795937
1.07744334595
1.07350724253
1.0695992216
1.06571886448
1.06186576115
1.05803950994
1.05423971737
1.05046599789
1.04671797367
1.04299527443
1.0392975372
1.03562440614
1.03197553239
1.02835057383
1.02474919494
1.02117106664
1.01761586612
1.01408327663
1.01057298743
1.00708469355
1.00361809568
1.00017290003
0.996748818189
0.993345567019
0.989962868479
0.986600449531
0.983258042028
0.979935382569
0.976632212412
0.973348277345
0.97008332759
0.966837117695
0.963609406433
0.960399956703
0.957208535435
0.954034913496
0.95087886561
0.947740170249
0.944618609564
0.941513969306
0.938426038725
0.93535461051
0.932299480706
0.929260448634
0.926237316835
0.923229890974
0.920237979792
0.917261395038
0.914299951387
0.911353466398
0.908421760433
0.905504656611
0.90260198074
0.899713561267
0.896839229213
0.893978818125
0.891132164028
0.888299105355
0.885479482917
0.882673139842
0.879879921528
0.877099675597
0.874332251852
0.871577502231
0.868835280755
0.866105443499
0.863387848542
0.860682355924
0.857988827619
0.855307127473
0.852637121196
0.849978676294
0.847331662061
0.844695949521
0.842071411407
0.839457922119
0.836855357702
0.834263595793
0.831682515617
0.82911199793
0.826551925004
0.824002180594
0.821462649906
0.81893321957
0.816413777618
0.81390421344
0.811404417781
0.808914282694
0.806433701524
0.803962568883
0.801500780621
0.799048233809
0.796604826705
0.794170458741
0.791745030493
0.789328443661
0.786920601052
0.784521406547
0.782130765092
0.779748582668
0.77737476628
0.775009223926
0.772651864585
0.770302598197
0.767961335643
0.765627988724
0.763302470145
0.760984693499
0.758674573247
0.7563720247
0.754076964001
0.751789308113
0.749508974799
0.747235882604
0.744969950843
0.742711099583
0.740459249626
0.738214322499
0.73597624043
0.733744926344
0.731520303839
0.729302297176
0.727090831266
0.72488583165
0.722687224493
0.720494936564
0.718308895222
0.716129028414
0.713955264642
0.711787532969
0.709625762996
0.707469884849
0.70531982917
0.703175527105
0.701036910286
0.698903910824
0.696776461298
0.694654494734
0.692537944603
0.690426744807
0.68832082966
0.686220133888
0.684124592607
0.682034141316
0.679948715887
0.67786825255
0.675792687885
0.673721958808
0.67165600256
0.6695947567
0.667538159086
0.665486147874
0.663438661496
0.661395638657
0.659357018322
0.657322739701
0.655292742244
0.653266965627
0.651245349739
0.649227834676
0.647214360724
0.645204868353
0.643199298203
0.641197591074
0.639199687913
0.637205529806
0.635215057966
0.633228213716
0.631244938487
0.629265173799
0.627288861253
0.625315942519
0.623346359322
0.621380053435
0.619416966661
0.617457040823
0.615500217758
0.613546439294
0.611595647246
0.609647783398
0.607702789493
0.605760607224
0.60382117821
0.601884443991
0.599950346017
0.598018825624
0.59608982403
0.594163282314
0.592239141409
0.590317342076
0.588397824902
0.586480530277
0.584565398377
0.582652369156
0.580741382323
0.578832377328
0.576925293344
0.575020069254
0.573116643625
0.571214954702
0.569314940377
0.567416538179
0.565519685251
0.563624318332
0.561730373733
0.559837787322
0.557946494498
0.556056430169
0.554167528735
0.552279724057
0.55039294944
0.548507137603
0.546622220656
0.544738130076
0.542854796679
0.540972150589
0.539090121214
0.537208637215
0.535327626474
0.533447016066
0.531566732224
0.529686700305
0.52780684476
0.525927089091
0.52404735582
0.522167566448
0.520287641416
0.518407500062
0.516527060582
0.514646239982
0.512764954032
0.510883117223
0.50900064271
0.507117442268
0.505233426232
0.503348503446
0.501462581203
0.499575565181
0.497687359389
0.495797866092
0.493906985749
0.492014616938
0.490120656284
0.488224998379
0.486327535703
0.484428158539
0.48252675488
0.480623210345
0.478717408073
0.476809228624
0.474898549876
0.47298524691
0.471069191891
0.469150253949
0.467228299049
0.465303189851
0.463374785574
0.46144294184
0.45950751052
0.457568339564
0.455625272829
0.453678149893
0.451726805857
0.449771071142
0.447810771273
0.445845726642
0.443875752272
0.441900657552
0.439920245969
0.437934314817
0.435942654885
0.433945050135
0.431941277355
0.429931105784
0.427914296724
0.425890603118
0.423859769101
0.421821529528
0.419775609458
0.417721723611
0.415659575781
0.413588858214
0.411509250931
0.409420421008
0.407322021801
0.405213692107
0.403095055267
0.400965718189
0.398825270302
0.396673282419
0.394509305501
0.392332869326
0.390143481038
0.387940623562
0.385723753889
0.383492301193
0.381245664781
0.378983211838
0.37670427496
0.374408149443
0.372094090289
0.369761308908
0.367408969468
0.365036184851
0.362642012154
0.360225447685
0.357785421369
0.355320790491
0.352830332667
0.350312737928
0.347766599784
0.345190405091
0.342582522535
0.339941189485
0.337264496935
0.33455037218
0.331796558806
0.329000593463
0.32615977878
0.323271151605
0.32033144557
0.317337046676
0.314283940286
0.311167647382
0.307983147369
0.304724783782
0.301386148078
0.297959935023
0.29443776073
0.290809930988
0.287065142307
0.283190090339
0.27916894828
0.274982658601
0.27060794987
0.266015936505
0.261170063194
0.256022975301
0.250511535137
0.244548416155
0.238006777986
0.230688951921
0.22225060801
0.211981494686
0.198270976987
0.179850203469
0.168341340068
0.179850203469
0.198270976987
0.211981494686
0.22225060801
0.230688951921
0.238006777986
0.244548416155
0.250511535137
0.256022975301
0.261170063194
0.266015936505
0.27060794987
0.274982658601
0.27916894828
0.283190090339
0.287065142307
0.290809930988
0.29443776073
0.297959935023
0.301386148078
0.304724783782
0.307983147369
0.311167647382
0.314283940286
0.317337046676
0.32033144557
0.323271151605
0.32615977878
0.329000593463
0.331796558806
0.33455037218
0.337264496935
0.339941189485
0.342582522535
0.345190405091
0.347766599784
0.350312737928
0.352830332667
0.355320790491
0.357785421369
0.360225447685
0.362642012154
0.365036184851
0.367408969468
0.369761308908
0.372094090289
0.374408149443
0.37670427496
0.378983211838
0.381245664781
0.383492301193
0.385723753889
0.387940623562
0.390143481038
0.392332869326
0.394509305501
0.396673282419
0.398825270302
0.400965718189
0.403095055267
0.405213692107
0.407322021801
0.409420421008
0.411509250931
0.413588858214
0.415659575781
0.417721723611
0.419775609458
0.421821529528
0.423859769101
0.425890603118
0.427914296724
0.429931105784
0.431941277355
0.433945050135
0.435942654885
0.437934314817
0.439920245969
0.441900657552
0.443875752272
0.445845726642
0.447810771273
0.449771071142
0.451726805857
0.453678149893
0.455625272829
0.457568339564
0.45950751052
0.46144294184
0.463374785574
0.465303189851
0.467228299049
0.469150253949
0.471069191891
0.47298524691
0.474898549876
0.476809228624
0.478717408073
0.480623210345
0.482526754881
0.484428158538
0.486327535703
0.488224998379
0.490120656284
0.492014616938
0.493906985749
0.495797866092
0.497687359389
0.499575565181
0.501462581203
0.503348503446
0.505233426232
0.507117442268
0.50900064271
0.510883117223
0.512764954032
0.514646239982
0.516527060582
0.518407500062
0.520287641416
0.522167566448
0.52404735582
0.525927089091
0.52780684476
0.529686700305
0.531566732224
0.533447016066
0.535327626474
0.537208637215
0.539090121214
0.540972150589
0.542854796679
0.544738130076
0.546622220656
0.548507137603
0.55039294944
0.552279724058
0.554167528735
0.556056430169
0.557946494498
0.559837787322
0.561730373733
0.563624318332
0.565519685251
0.567416538179
0.569314940377
0.571214954702
0.573116643626
0.575020069253
0.576925293344
0.578832377328
0.580741382323
0.582652369156
0.584565398377
0.586480530276
0.588397824902
0.590317342076
0.592239141409
0.594163282315
0.59608982403
0.598018825624
0.599950346017
0.601884443992
0.603821178209
0.605760607224
0.607702789493
0.609647783398
0.611595647245
0.613546439294
0.615500217758
0.617457040823
0.61941696666
0.621380053435
0.623346359322
0.625315942519
0.627288861253
0.629265173799
0.631244938487
0.633228213716
0.635215057965
0.637205529806
0.639199687913
0.641197591074
0.643199298203
0.645204868353
0.647214360724
0.649227834676
0.651245349739
0.653266965627
0.655292742244
0.657322739701
0.659357018322
0.661395638657
0.663438661496
0.665486147874
0.667538159087
0.6695947567
0.67165600256
0.673721958808
0.675792687885
0.67786825255
0.679948715887
0.682034141316
0.684124592607
0.686220133888
0.68832082966
0.690426744807
0.692537944603
0.694654494733
0.696776461297
0.698903910824
0.701036910286
0.703175527105
0.70531982917
0.707469884849
0.709625762996
0.711787532969
0.713955264642
0.716129028413
0.718308895223
0.720494936563
0.722687224493
0.72488583165
0.727090831266
0.729302297176
0.73152030384
0.733744926344
0.73597624043
0.738214322499
0.740459249627
0.742711099582
0.744969950843
0.747235882604
0.749508974799
0.751789308113
0.754076964001
0.756372024699
0.758674573247
0.760984693499
0.763302470146
0.765627988723
0.767961335643
0.770302598197
0.772651864585
0.775009223926
0.77737476628
0.779748582669
0.782130765092
0.784521406547
0.786920601052
0.789328443662
0.791745030493
0.79417045874
0.796604826706
0.799048233809
0.801500780621
0.803962568882
0.806433701524
0.808914282694
0.811404417781
0.813904213441
0.816413777617
0.81893321957
0.821462649906
0.824002180594
0.826551925004
0.82911199793
0.831682515617
0.834263595794
0.836855357701
0.83945792212
0.842071411407
0.844695949521
0.847331662061
0.849978676296
0.852637121195
0.855307127473
0.857988827618
0.860682355925
0.863387848542
0.866105443499
0.868835280755
0.87157750223
0.874332251853
0.877099675598
0.879879921527
0.882673139842
0.885479482917
0.888299105356
0.891132164028
0.893978818125
0.896839229213
0.899713561267
0.90260198074
0.90550465661
0.908421760434
0.911353466397
0.914299951387
0.917261395038
0.920237979792
0.923229890974
0.926237316833
0.929260448635
0.932299480706
0.93535461051
0.938426038726
0.941513969304
0.944618609565
0.947740170249
0.950878865609
0.954034913497
0.957208535435
0.960399956702
0.963609406433
0.966837117695
0.970083327589
0.973348277346
0.976632212411
0.97993538257
0.983258042027
0.986600449533
0.989962868477
0.993345567019
0.996748818191
1.00017290003
1.00361809568
1.00708469355
1.01057298743
1.01408327663
1.01761586612
1.02117106665
1.02474919494
1.02835057383
1.03197553239
1.03562440614
1.03929753719
1.04299527443
1.04671797367
1.05046599789
1.05423971737
1.05803950994
1.06186576115
1.06571886449
1.0695992216
1.07350724253
1.07744334595
1.08140795937
1.08540151944
1.08942447218
1.09347727322
1.09756038816
1.10167429277
1.10581947334
1.10999642696
1.1142056619
1.11844769783
1.12272306627
1.12703231091
1.13137598797
1.13575466658
1.1401689292
1.14461937204
1.14910660544
1.15363125438
1.1581939589
1.1627953746
1.16743617314
1.17211704276
1.17683868883
1.1816018344
1.18640722078
1.19125560819
1.19614777636
1.20108452522
1.20606667556
1.2110950698
1.21617057268
1.2212940721
1.22646647991
1.23168873278
1.23696179308
1.24228664982
1.24766431963
1.25309584775
1.25858230915
1.26412480961
1.26972448687
1.2753825119
1.28110009015
1.2868784629
1.29271890867
1.29862274468
1.30459132843
1.31062605929
1.31672838024
1.32289977965
1.32914179315
1.33545600565
1.34184405341
1.34830762621
1.35484846971
1.36146838788
1.36816924554
1.37495297112
1.38182155947
1.38877707495
1.39582165457
1.40295751139
1.41018693812
1.41751231087
1.42493609316
1.43246084022
1.44008920342
1.44782393512
1.45566789373
1.46362404909
1.47169548825
1.47988542155
1.48819718915
1.49663426795
1.50520027903
1.51389899551
1.52273435102
1.53171044872
1.54083157097
1.55010218968
1.55952697741
1.56911081929
1.57885882579
1.58877634653
1.59886898502
1.60914261471
1.61960339611
1.63025779544
1.64111260467
1.65217496336
1.66345238208
1.6749527681
1.68668445312
1.69865622345
1.71087735293
1.72335763883
1.73610744104
1.74913772494
1.76246010838
1.77608691329
1.79003122229
1.80430694112
1.8189288675
1.83391276716
1.84927545812
1.86503490409
1.88121031842
1.89782227983
1.91489286166
1.93244577658
1.95050653893
1.96910264735
1.9882637907
2.00802208115
2.02841231838
2.04947229041
2.07124311687
2.09376964225
2.11710088805
2.14129057433
2.16639772407
2.19248736619
2.21963135704
2.24790934496
2.27740990826
2.30823190544
2.34048608574
2.37429702264
2.40980544961
2.44717110215
2.48657620169
2.52822976143
2.57237295531
2.61928587699
2.66929613868
2.72278993688
2.78022647407
2.84215701913
2.90925049381
2.98232842342
3.06241362635
3.15079957381
3.2491517558
3.35966028011
3.48527772712
3.6301055576
3.8000541375
4.00404241305
4.25635831578
4.58181748632
5.02882720168
5.71085300388
7.00542273583
