0.301137587073
0.324984029909
0.343624266888
0.357371754231
0.368358172296
0.37768296951
0.385882143023
0.393253945392
0.399985189486
0.406202583287
0.411996840237
0.417435510651
0.422570446424
0.427442429965
0.43208418704
0.436522424692
0.440779254018
0.444873210242
0.448820000892
0.452633065459
0.456324001345
0.459902893012
0.46337856983
0.466758810543
0.4700505072
0.473259797915
0.476392175358
0.479452576168
0.482445455203
0.485374847642
0.488244421267
0.491057520741
0.493817205335
0.496526281227
0.499187329302
0.501802729188
0.504374680128
0.506905219184
0.50939623716
0.511849492609
0.514266624163
0.516649161455
0.518998534799
0.521316083809
0.523603065091
0.525860659123
0.528089976427
0.530292063127
0.532467905944
0.534618436727
0.53674453654
0.538847039377
0.540926735538
0.542984374703
0.545020668737
0.547036294252
0.549031894956
0.551008083805
0.552965444979
0.5549045357
0.556825887905
0.558730009798
0.560617387268
0.562488485214
0.564343748767
0.566183604425
0.568008461098
0.569818711098
0.571614731036
0.57339688268
0.57516551374
0.576920958606
0.578663539039
0.580393564815
0.582111334328
0.583817135153
0.585511244584
0.587193930121
0.588865449947
0.590526053361
0.592175981195
0.593815466203
0.595444733425
0.597064000538
0.598673478178
0.600273370253
0.601863874229
0.60344518141
0.605017477197
0.606580941336
0.60813574815
0.609682066764
0.611220061312
0.61274989114
0.614271710992
0.615785671195
0.617291917827
0.618790592879
0.620281834415
0.621765776715
0.623242550419
0.624712282658
0.626175097186
0.627631114498
0.629080451952
0.630523223873
0.631959541667
0.633389513915
0.634813246477
0.636230842583
0.637642402919
0.639048025715
0.640447806827
0.641841839815
0.643230216016
0.644613024617
0.645990352725
0.647362285432
0.64872890588
0.650090295319
0.651446533171
0.652797697079
0.654143862967
0.655485105091
0.656821496085
0.658153107017
0.659480007427
0.660802265377
0.662119947492
0.663433119004
0.664741843786
0.666046184397
0.667346202117
0.66864195698
0.669933507812
0.671220912263
0.672504226841
0.673783506939
0.675058806866
0.676330179883
0.677597678219
0.678861353109
0.680121254813
0.681377432645
0.682629934996
0.683878809359
0.685124102349
0.686365859729
0.687604126429
0.688838946566
0.690070363468
0.69129841969
0.692523157033
0.693744616564
0.694962838633
0.69617786289
0.697389728303
0.698598473171
0.699804135145
0.701006751235
0.702206357835
0.70340299073
0.704596685111
0.705787475591
0.706975396218
0.708160480484
0.709342761342
0.710522271215
0.711699042008
0.712873105123
0.714044491464
0.715213231454
0.71637935504
0.717542891705
0.718703870483
0.71986231996
0.721018268289
0.722171743197
0.723322771997
0.724471381593
0.725617598487
0.726761448794
0.727902958244
0.729042152192
0.730179055626
0.731313693172
0.732446089104
0.733576267352
0.734704251502
0.735830064812
0.736953730212
0.738075270313
0.739194707412
0.740312063499
0.741427360263
0.742540619096
0.743651861102
0.744761107097
0.745868377622
0.74697369294
0.748077073049
0.74917853768
0.750278106305
0.751375798144
0.752471632165
0.753565627092
0.754657801409
0.755748173362
0.756836760966
0.757923582008
0.75900865405
0.760091994436
0.761173620292
0.762253548532
0.763331795863
0.764408378784
0.765483313596
0.766556616399
0.767628303101
0.768698389417
0.769766890874
0.770833822815
0.7718992004
0.772963038611
0.774025352256
0.775086155965
0.776145464205
0.77720329127
0.778259651293
0.779314558243
0.780368025932
0.781420068013
0.782470697988
0.783519929204
0.78456777486
0.785614248012
0.786659361565
0.787703128286
0.788745560802
0.789786671601
0.790826473036
0.791864977325
0.792902196557
0.79393814269
0.794972827554
0.796006262857
0.797038460178
0.798069430978
0.799099186598
0.800127738259
0.801155097068
0.802181274015
0.80320627998
0.804230125728
0.805252821918
0.8062743791
0.807294807716
0.808314118105
0.809332320502
0.81034942504
0.811365441754
0.812380380575
0.813394251342
0.814407063795
0.815418827577
0.816429552244
0.817439247255
0.818447921979
0.819455585697
0.820462247598
0.821467916791
0.82247260229
0.823476313034
0.824479057871
0.82548084557
0.826481684817
0.827481584223
0.828480552311
0.829478597534
0.830475728265
0.831471952802
0.832467279365
0.833461716106
0.834455271098
0.835447952347
0.836439767785
0.837430725274
0.838420832611
0.839410097518
0.840398527657
0.841386130615
0.842372913924
0.843358885043
0.844344051371
0.845328420239
0.846311998925
0.847294794634
0.848276814522
0.849258065675
0.850238555128
0.851218289852
0.852197276762
0.853175522715
0.854153034517
0.855129818909
0.856105882588
0.857081232187
0.858055874294
0.859029815436
0.860003062095
0.860975620696
0.861947497617
0.862918699184
0.863889231673
0.864859101311
0.865828314275
0.866796876701
0.867764794667
0.868732074214
0.869698721329
0.870664741958
0.871630142002
0.872594927314
0.873559103707
0.874522676947
0.875485652759
0.876448036824
0.877409834783
0.878371052234
0.879331694733
0.880291767798
0.881251276906
0.882210227492
0.883168624954
0.884126474651
0.885083781906
0.886040551995
0.88699679017
0.887952501635
0.888907691565
0.889862365092
0.890816527318
0.891770183304
0.892723338082
0.893675996647
0.894628163957
0.895579844939
0.896531044488
0.897481767461
0.898432018687
0.899381802963
0.900331125047
0.901279989674
0.902228401543
0.903176365323
0.904123885652
0.905070967138
0.90601761436
0.906963831864
0.907909624173
0.908854995772
0.909799951129
0.91074449467
0.911688630806
0.912632363909
0.913575698333
0.914518638398
0.9154611884
0.916403352611
0.917345135266
0.918286540591
0.919227572769
0.92016823597
0.921108534333
0.922048471971
0.922988052977
0.923927281413
0.924866161328
0.925804696732
0.926742891622
0.927680749971
0.92861827572
0.9295554728
0.930492345111
0.931428896525
0.932365130909
0.933301052092
0.934236663893
0.93517197009
0.936106974466
0.937041680764
0.937976092713
0.938910214021
0.939844048371
0.940777599433
0.941710870853
0.942643866252
0.943576589243
0.94450904341
0.945441232318
0.946373159521
0.947304828547
0.948236242904
0.949167406083
0.950098321565
0.951028992799
0.951959423224
0.952889616262
0.953819575314
0.954749303764
0.955678804979
0.956608082312
0.957537139092
0.958465978639
0.95939460425
0.960323019211
0.961251226789
0.96217923023
0.963107032776
0.964034637641
0.964962048028
0.965889267129
0.96681629811
0.967743144136
0.968669808343
0.96959629386
0.970522603799
0.971448741258
0.97237470932
0.973300511054
0.974226149514
0.97515162774
0.976076948762
0.977002115589
0.977927131218
0.978851998639
0.979776720821
0.980701300725
0.981625741295
0.982550045462
0.983474216149
0.984398256258
0.985322168687
0.986245956318
0.987169622013
0.98809316864
0.989016599031
0.98993991603
0.990863122447
0.991786221097
0.992709214777
0.993632106266
0.994554898348
0.995477593772
0.996400195302
0.997322705668
0.998245127605
0.999167463824
1.00008971704
1.00101188994
1.00193398522
1.00285600554
1.00377795358
1.00469983198
1.00562164339
1.00654339045
1.00746507577
1.00838670197
1.00930827165
1.01022978742
1.01115125184
1.01207266749
1.01299403695
1.01391536276
1.01483664747
1.01575789361
1.01667910372
1.01760028032
1.01852142591
1.01944254299
1.02036363405
1.02128470158
1.02220574805
1.02312677592
1.02404778767
1.02496878572
1.02588977252
1.02681075051
1.02773172212
1.02865268974
1.0295736558
1.03049462268
1.0314155928
1.03233656851
1.03325755222
1.03417854628
1.03509955305
1.03602057488
1.03694161414
1.03786267314
1.03878375423
1.03970485973
1.04062599195
1.04154715321
1.04246834581
1.04338957204
1.0443108342
1.04523213456
1.0461534754
1.047074859
1.04799628761
1.04891776348
1.04983928887
1.05076086603
1.05168249718
1.05260418456
1.05352593039
1.05444773689
1.05536960627
1.05629154073
1.05721354249
1.05813561371
1.05905775661
1.05997997336
1.06090226613
1.06182463709
1.06274708842
1.06366962226
1.06459224078
1.06551494611
1.06643774042
1.06736062581
1.06828360445
1.06920667844
1.07012984991
1.07105312098
1.07197649375
1.07289997034
1.07382355285
1.07474724337
1.07567104399
1.0765949568
1.07751898388
1.0784431273
1.07936738915
1.08029177149
1.08121627637
1.08214090586
1.08306566202
1.08399054689
1.08491556251
1.08584071093
1.08676599418
1.0876914143
1.08861697332
1.08954267325
1.09046851612
1.09139450393
1.09232063872
1.09324692247
1.09417335719
1.09509994489
1.09602668756
1.09695358719
1.09788064576
1.09880786528
1.0997352477
1.10066279501
1.10159050919
1.1025183922
1.10344644601
1.10437467258
1.10530307387
1.10623165184
1.10716040844
1.10808934562
1.10901846532
1.10994776949
1.11087726007
1.11180693898
1.11273680818
1.11366686957
1.11459712511
1.1155275767
1.11645822626
1.11738907572
1.118320127
1.11925138199
1.12018284262
1.12111451078
1.12204638839
1.12297847734
1.12391077953
1.12484329686
1.12577603122
1.1267089845
1.12764215859
1.12857555538
1.12950917674
1.13044302456
1.13137710072
1.13231140709
1.13324594555
1.13418071796
1.1351157262
1.13605097213
1.13698645762
1.13792218453
1.13885815472
1.13979437004
1.14073083236
1.14166754353
1.14260450539
1.1435417198
1.14447918862
1.14541691367
1.14635489681
1.14729313988
1.14823164473
1.14917041317
1.15010944707
1.15104874824
1.15198831854
1.15292815978
1.15386827379
1.15480866241
1.15574932746
1.15669027077
1.15763149417
1.15857299946
1.15951478848
1.16045686305
1.16139922498
1.16234187609
1.16328481819
1.1642280531
1.16517158264
1.16611540861
1.16705953283
1.1680039571
1.16894868322
1.16989371303
1.1708390483
1.17178469085
1.17273064248
1.173676905
1.1746234802
1.1755703699
1.17651757587
1.17746509994
1.17841294389
1.17936110951
1.18030959862
1.18125841299
1.18220755443
1.18315702474
1.18410682569
1.18505695908
1.18600742672
1.18695823037
1.18790937186
1.18886085293
1.18981267542
1.19076484109
1.19171735172
1.19267020912
1.19362341506
1.19457697133
1.19553087973
1.19648514203
1.19743976002
1.19839473549
1.19935007021
1.20030576598
1.20126182458
1.20221824778
1.20317503738
1.20413219516
1.2050897229
1.20604762238
1.20700589539
1.20796454371
1.20892356913
1.20988297341
1.21084275835
1.21180292573
1.21276347734
1.21372441495
1.21468574034
1.21564745529
1.21660956161
1.21757206106
1.21853495543
1.21949824649
1.22046193604
1.22142602585
1.22239051772
1.22335541342
1.22432071474
1.22528642347
1.22625254138
1.22721907026
1.22818601191
1.2291533681
1.23012114062
1.23108933126
1.23205794181
1.23302697405
1.23399642977
1.23496631076
1.23593661882
1.23690735571
1.23787852327
1.23885012324
1.23982215744
1.24079462766
1.24176753568
1.24274088331
1.24371467234
1.24468890456
1.24566358178
1.24663870577
1.24761427835
1.24859030132
1.24956677647
1.25054370559
1.25152109051
1.25249893302
1.25347723491
1.25445599799
1.25543522408
1.25641491496
1.25739507247
1.25837569839
1.25935679454
1.26033836273
1.26132040477
1.26230292248
1.26328591766
1.26426939214
1.26525334773
1.26623778625
1.26722270951
1.26820811933
1.26919401754
1.27018040597
1.27116728643
1.27215466074
1.27314253074
1.27413089825
1.2751197651
1.27610913314
1.27709900418
1.27808938005
1.2790802626
1.28007165367
1.28106355508
1.28205596869
1.28304889633
1.28404233984
1.28503630108
1.28603078187
1.2870257841
1.28802130958
1.28901736018
1.29001393775
1.29101104415
1.29200868123
1.29300685085
1.29400555486
1.29500479516
1.29600457356
1.29700489197
1.29800575224
1.29900715624
1.30000910585
1.30101160293
1.30201464937
1.30301824704
1.30402239783
1.3050271036
1.30603236626
1.30703818768
1.30804456974
1.30905151436
1.31005902341
1.31106709878
1.31207574239
1.31308495612
1.31409474188
1.31510510157
1.3161160371
1.31712755038
1.31813964331
1.3191523178
1.32016557579
1.32117941918
1.32219384989
1.32320886985
1.32422448097
1.3252406852
1.32625748445
1.32727488066
1.32829287577
1.32931147172
1.33033067043
1.33135047387
1.33237088396
1.33339190267
1.33441353194
1.33543577372
1.33645862998
1.33748210266
1.33850619374
1.33953090518
1.34055623894
1.341582197
1.34260878132
1.34363599388
1.34466383667
1.34569231167
1.34672142085
1.34775116621
1.34878154974
1.34981257343
1.35084423928
1.35187654928
1.35290950545
1.35394310977
1.35497736428
1.35601227097
1.35704783187
1.358084049
1.35912092436
1.36015845998
1.36119665791
1.36223552016
1.36327504878
1.3643152458
1.36535611326
1.3663976532
1.36743986769
1.36848275875
1.36952632846
1.37057057887
1.37161551206
1.37266113005
1.37370743494
1.37475442882
1.37580211372
1.37685049176
1.377899565
1.37894933555
1.37999980547
1.38105097687
1.38210285187
1.38315543253
1.38420872098
1.38526271933
1.38631742969
1.38737285417
1.38842899489
1.38948585399
1.39054343359
1.39160173582
1.39266076281
1.39372051672
1.39478099968
1.39584221384
1.39690416135
1.39796684438
1.39903026507
1.40009442561
1.40115932815
1.40222497486
1.40329136793
1.40435850955
1.40542640188
1.40649504713
1.40756444749
1.40863460516
1.40970552232
1.4107772012
1.41184964403
1.41292285298
1.41399683032
1.41507157824
1.41614709897
1.41722339476
1.41830046785
1.41937832048
1.42045695488
1.42153637332
1.42261657807
1.42369757137
1.42477935547
1.42586193269
1.42694530527
1.4280294755
1.42911444568
1.43020021807
1.43128679498
1.43237417873
1.4334623716
1.4345513759
1.43564119396
1.4367318281
1.43782328063
1.43891555389
1.44000865022
1.44110257194
1.44219732142
1.443292901
1.44438931304
1.44548655989
1.44658464393
1.44768356753
1.44878333305
1.44988394289
1.45098539943
1.45208770508
1.45319086221
1.45429487323
1.45539974057
1.45650546664
1.45761205384
1.45871950462
1.45982782139
1.4609370066
1.46204706269
1.46315799212
1.46426979732
1.46538248077
1.46649604493
1.46761049227
1.46872582527
1.46984204641
1.47095915818
1.47207716308
1.47319606361
1.47431586226
1.47543656158
1.47655816406
1.47768067222
1.47880408861
1.47992841577
1.48105365624
1.48217981255
1.48330688726
1.48443488296
1.4855638022
1.48669364757
1.48782442162
1.48895612696
1.49008876619
1.49122234189
1.49235685668
1.49349231318
1.494628714
1.49576606176
1.49690435913
1.4980436087
1.49918381315
1.50032497512
1.50146709727
1.50261018228
1.50375423281
1.50489925156
1.50604524119
1.50719220441
1.50834014394
1.50948906245
1.51063896268
1.51178984735
1.51294171919
1.51409458094
1.51524843534
1.51640328514
1.51755913309
1.51871598199
1.51987383457
1.52103269364
1.52219256197
1.52335344238
1.52451533765
1.5256782506
1.52684218404
1.52800714082
1.52917312374
1.53034013567
1.53150817944
1.53267725791
1.53384737395
1.53501853044
1.53619073024
1.53736397625
1.53853827136
1.53971361848
1.54089002051
1.54206748039
1.54324600104
1.54442558538
1.54560623638
1.54678795696
1.54797075013
1.54915461882
1.550339566
1.55152559469
1.55271270787
1.55390090852
1.55509019969
1.55628058438
1.55747206561
1.55866464644
1.55985832989
1.56105311904
1.56224901693
1.56344602663
1.56464415125
1.56584339386
1.56704375755
1.56824524545
1.56944786065
1.57065160629
1.57185648554
1.57306250147
1.57426965729
1.57547795614
1.5766874012
1.57789799565
1.57910974267
1.58032264548
1.58153670725
1.58275193126
1.58396832069
1.58518587879
1.58640460879
1.58762451401
1.58884559765
1.59006786302
1.59129131339
1.59251595209
1.59374178236
1.59496880759
1.59619703106
1.59742645614
1.59865708615
1.59988892446
1.60112197443
1.60235623944
1.60359172289
1.60482842817
1.60606635867
1.60730551784
1.60854590911
1.60978753589
1.61103040165
1.61227450987
1.613519864
1.6147664675
1.61601432393
1.61726343676
1.61851380949
1.61976544566
1.62101834881
1.62227252251
1.62352797029
1.62478469573
1.62604270243
1.62730199397
1.62856257396
1.62982444603
1.63108761379
1.63235208088
1.63361785097
1.63488492773
1.6361533148
1.6374230159
1.63869403471
1.63996637498
1.64124004038
1.64251503468
1.64379136164
1.64506902498
1.64634802851
1.64762837599
1.64891007124
1.65019311804
1.65147752024
1.65276328166
1.65405040615
1.65533889758
1.6566287598
1.65791999674
1.65921261224
1.66050661027
1.66180199471
1.66309876951
1.66439693864
1.66569650604
1.6669974757
1.66829985161
1.66960363776
1.6709088382
1.67221545694
1.67352349802
1.6748329655
1.67614386347
1.677456196
1.67876996719
1.68008518117
1.68140184204
1.68271995397
1.68403952112
1.68536054761
1.68668303769
1.68800699552
1.68933242532
1.69065933134
1.6919877178
1.69331758897
1.69464894911
1.69598180253
1.69731615351
1.69865200636
1.69998936544
1.7013282351
1.70266861967
1.70401052356
1.70535395115
1.70669890683
1.70804539506
1.70939342028
1.7107429869
1.71209409947
1.71344676241
1.71480098025
1.71615675747
1.71751409867
1.71887300838
1.72023349113
1.72159555159
1.72295919428
1.72432442383
1.72569124493
1.72705966216
1.72842968023
1.72980130383
1.73117453763
1.73254938637
1.73392585478
1.73530394762
1.73668366969
1.7380650257
1.73944802053
1.74083265895
1.74221894585
1.74360688605
1.74499648447
1.74638774596
1.74778067545
1.74917527788
1.75057155818
1.75196952134
1.75336917234
1.75477051617
1.75617355787
1.75757830249
1.75898475507
1.76039292069
1.76180280448
1.76321441151
1.76462774698
1.76604281599
1.76745962374
1.76887817544
1.77029847628
1.77172053152
1.77314434639
1.7745699262
1.77599727622
1.77742640176
1.77885730818
1.78029000084
1.78172448509
1.78316076632
1.78459884999
1.78603874154
1.7874804464
1.78892397005
1.79036931802
1.79181649583
1.79326550902
1.79471636312
1.79616906382
1.79762361661
1.79908002721
1.80053830128
1.80199844441
1.80346046238
1.80492436088
1.80639014566
1.80785782251
1.80932739718
1.8107988755
1.81227226332
1.81374756649
1.81522479089
1.81670394244
1.81818502706
1.81966805068
1.82115301932
1.82263993894
1.82412881562
1.82561965537
1.82711246427
1.82860724842
1.83010401394
1.83160276699
1.83310351373
1.83460626036
1.83611101312
1.83761777823
1.83912656199
1.8406373707
1.84215021067
1.84366508827
1.84518200983
1.84670098182
1.84822201064
1.84974510274
1.8512702646
1.85279750276
1.85432682373
1.85585823408
1.8573917404
1.85892734934
1.8604650675
1.86200490157
1.86354685827
1.86509094431
1.86663716647
1.86818553149
1.86973604626
1.87128871756
1.87284355229
1.87440055737
1.87595973969
1.87752110624
1.87908466399
1.88065041999
1.88221838127
1.88378855491
1.88536094802
1.88693556776
1.88851242129
1.89009151579
1.89167285851
1.89325645675
1.89484231775
1.89643044888
1.89802085744
1.89961355091
1.90120853663
1.9028058221
1.9044054148
1.90600732226
1.90761155201
1.90921811164
1.91082700879
1.91243825111
1.91405184626
1.91566780199
1.91728612605
1.9189068262
1.9205299103
1.9221553862
1.92378326178
1.92541354498
1.92704624375
1.9286813661
1.93031892006
1.93195891371
1.93360135515
1.9352462525
1.93689361398
1.93854344779
1.94019576217
1.94185056542
1.94350786589
1.94516767191
1.9468299919
1.94849483431
1.95016220761
1.95183212032
1.95350458099
1.95517959825
1.95685718069
1.95853733702
1.96022007596
1.96190540622
1.96359333663
1.96528387606
1.96697703333
1.96867281738
1.97037123717
1.97207230172
1.97377602005
1.97548240124
1.97719145447
1.97890318884
1.98061761361
1.98233473801
1.98405457139
1.98577712304
1.98750240237
1.98923041881
1.99096118186
1.992694701
1.99443098584
1.99617004595
1.99791189103
1.99965653076
2.00140397491
2.00315423326
2.00490731566
2.006663232
2.00842199224
2.01018360634
2.01194808432
2.01371543632
2.01548567244
2.01725880287
2.01903483784
2.0208137876
2.02259566253
2.02438047298
2.0261682294
2.02795894224
2.02975262209
2.0315492795
2.03334892513
2.03515156961
2.03695722375
2.03876589832
2.04057760421
2.04239235225
2.04421015346
2.04603101881
2.0478549594
2.04968198635
2.05151211079
2.05334534399
2.05518169728
2.05702118197
2.05886380943
2.06070959118
2.0625585387
2.06441066357
2.06626597748
2.06812449205
2.06998621908
2.07185117038
2.0737193578
2.07559079332
2.07746548888
2.07934345658
2.08122470856
2.08310925692
2.08499711401
2.08688829207
2.08878280345
2.09068066067
2.09258187617
2.09448646253
2.09639443237
2.09830579841
2.10022057341
2.10213877019
2.10406040163
2.10598548072
2.10791402048
2.10984603405
2.11178153455
2.11372053523
2.11566304941
2.11760909048
2.11955867186
2.12151180712
2.12346850982
2.12542879368
2.12739267234
2.1293601597
2.13133126965
2.13330601608
2.13528441309
2.13726647484
2.13925221543
2.14124164914
2.14323479038
2.14523165349
2.14723225305
2.14923660357
2.1512447198
2.15325661638
2.15527230819
2.15729181011
2.15931513714
2.16134230439
2.16337332691
2.16540822001
2.16744699901
2.16948967925
2.17153627628
2.17358680567
2.17564128306
2.17769972422
2.17976214496
2.18182856125
2.18389898907
2.18597344455
2.18805194389
2.19013450337
2.19222113933
2.19431186836
2.1964067069
2.19850567168
2.20060877944
2.20271604705
2.20482749142
2.20694312967
2.20906297888
2.21118705631
2.21331537932
2.21544796534
2.2175848319
2.21972599668
2.22187147741
2.22402129192
2.22617545819
2.22833399429
2.23049691836
2.23266424869
2.23483600367
2.23701220176
2.23919286159
2.24137800181
2.24356764131
2.245761799
2.24796049386
2.25016374512
2.252371572
2.25458399394
2.2568010304
2.25902270099
2.26124902544
2.26348002366
2.26571571559
2.26795612128
2.27020126103
2.27245115512
2.27470582402
2.27696528832
2.27922956874
2.28149868612
2.28377266142
2.28605151571
2.28833527028
2.29062394644
2.29291756567
2.29521614961
2.29751972
2.29982829875
2.30214190787
2.30446056949
2.306784306
2.30911313975
2.31144709336
2.31378618956
2.31613045121
2.31847990132
2.32083456301
2.32319445961
2.32555961462
2.32793005157
2.33030579421
2.33268686646
2.33507329239
2.33746509622
2.33986230221
2.342264935
2.34467301926
2.34708657974
2.3495056415
2.35193022969
2.35436036962
2.35679608681
2.35923740685
2.36168435568
2.36413695915
2.36659524351
2.36905923507
2.37152896036
2.37400444603
2.37648571899
2.37897280619
2.38146573494
2.38396453258
2.3864692267
2.38897984512
2.39149641571
2.39401896667
2.39654752629
2.39908212312
2.40162278587
2.40416954342
2.40672242491
2.40928145962
2.41184667707
2.4144181069
2.4169957791
2.41957972379
2.4221699712
2.4247665519
2.42736949667
2.42997883639
2.43259460228
2.43521682566
2.43784553823
2.44048077169
2.44312255818
2.44577092995
2.44842591942
2.4510875594
2.45375588284
2.45643092289
2.45911271299
2.46180128679
2.46449667822
2.46719892136
2.46990805066
2.47262410073
2.47534710642
2.47807710292
2.48081412554
2.48355820999
2.48630939214
2.48906770815
2.49183319443
2.49460588774
2.49738582492
2.50017304327
2.50296758032
2.50576947379
2.50857876171
2.51139548251
2.51421967476
2.51705137732
2.5198906295
2.52273747066
2.52559194074
2.52845407967
2.53132392793
2.53420152619
2.53708691543
2.53998013694
2.54288123242
2.54579024375
2.54870721317
2.55163218325
2.55456519703
2.55750629756
2.5604555285
2.56341293372
2.56637855753
2.5693524445
2.57233463945
2.57532518778
2.57832413506
2.58133152738
2.58434741098
2.58737183268
2.59040483942
2.59344647878
2.59649679857
2.59955584699
2.60262367258
2.60570032445
2.60878585187
2.61188030468
2.61498373302
2.61809618746
2.62121771898
2.62434837901
2.62748821932
2.6306372922
2.63379565023
2.6369633466
2.64014043475
2.64332696876
2.64652300297
2.64972859218
2.65294379179
2.65616865761
2.65940324579
2.66264761308
2.6659018167
2.66916591425
2.67243996389
2.67572402436
2.67901815462
2.68232241442
2.68563686394
2.68896156369
2.69229657507
2.6956419595
2.69899777944
2.70236409754
2.70574097708
2.70912848205
2.7125266767
2.71593562614
2.71935539573
2.7227860518
2.72622766091
2.72968029027
2.73314400792
2.7366188822
2.74010498224
2.74360237768
2.74711113892
2.75063133681
2.75416304296
2.75770632965
2.76126126962
2.76482793658
2.76840640458
2.77199674856
2.77559904401
2.7792133673
2.78283979523
2.78647840553
2.7901292766
2.79379248743
2.79746811794
2.80115624863
2.8048569609
2.80857033677
2.81229645906
2.81603541147
2.81978727841
2.82355214503
2.82733009746
2.83112122245
2.83492560768
2.83874334171
2.84257451389
2.84641921443
2.85027753442
2.85414956582
2.8580354015
2.8619351353
2.86584886184
2.86977667669
2.87371867655
2.87767495887
2.88164562203
2.88563076557
2.88963048994
2.89364489656
2.89767408787
2.90171816738
2.90577723959
2.90985141011
2.91394078562
2.91804547378
2.92216558355
2.9263012247
2.93045250854
2.93461954712
2.93880245384
2.94300134334
2.94721633132
2.95144753468
2.95569507173
2.95995906169
2.96423962547
2.96853688485
2.97285096311
2.97718198481
2.98153007584
2.98589536342
2.99027797611
2.99467804388
2.99909569819
3.0035310718
3.00798429884
3.01245551529
3.01694485801
3.02145246603
3.02597847937
3.03052303986
3.0350862909
3.03966837742
3.04426944598
3.04888964487
3.05352912385
3.05818803454
3.06286653032
3.06756476607
3.07228289879
3.07702108689
3.08177949091
3.08655827299
3.09135759745
3.09617763015
3.10101853925
3.10588049456
3.11076366812
3.11566823383
3.12059436766
3.12554224791
3.13051205467
3.13550397028
3.14051817935
3.14555486871
3.15061422734
3.15569644669
3.1608017203
3.16593024424
3.17108221695
3.17625783926
3.18145731462
3.18668084874
3.19192865017
3.19720093003
3.20249790176
3.20781978194
3.2131667896
3.21853914668
3.22393707775
3.22936081061
3.23481057554
3.24028660614
3.24578913894
3.25131841338
3.25687467224
3.26245816122
3.26806912968
3.27370782983
3.27937451739
3.28506945154
3.29079289482
3.29654511325
3.30232637669
3.30813695842
3.31397713536
3.31984718842
3.32574740235
3.33167806548
3.33763947059
3.34363191419
3.34965569709
3.35571112406
3.36179850449
3.36791815189
3.37407038435
3.38025552429
3.38647389902
3.39272584017
3.39901168458
3.4053317736
3.41168645376
3.41807607644
3.42450099852
3.43096158176
3.43745819351
3.44399120643
3.45056099892
3.45716795482
3.463812464
3.47049492211
3.47721573073
3.48397529777
3.49077403715
3.49761236955
3.50449072168
3.51140952731
3.51836922678
3.52537026739
3.53241310354
3.53949819675
3.546626016
3.55379703781
3.56101174609
3.56827063297
3.57557419841
3.58292295038
3.59031740539
3.59775808852
3.60524553341
3.6127802824
3.62036288756
3.62799390952
3.63567391889
3.64340349581
3.65118323029
3.65901372255
3.66689558328
3.67482943355
3.68281590549
3.69085564221
3.69894929816
3.70709753946
3.7153010441
3.72356050227
3.73187661645
3.74025010214
3.74868168755
3.75717211448
3.76572213834
3.7743325286
3.78300406893
3.79173755791
3.80053380891
3.809393651
3.81831792891
3.82730750368
3.83636325281
3.84548607096
3.85467687034
3.8639365809
3.8732661511
3.88266654816
3.89213875873
3.90168378941
3.91130266685
3.92099643902
3.93076617504
3.94061296643
3.95053792693
3.96054219404
3.97062692881
3.98079331689
3.99104256949
4.00137592335
4.01179464223
4.02230001723
4.03289336741
4.04357604145
4.05434941731
4.06521490396
4.07617394199
4.08722800458
4.09837859846
4.10962726473
4.12097558021
4.13242515846
4.14397765055
4.15563474671
4.16739817724
4.1792697137
4.19125117055
4.20334440616
4.21555132439
4.22787387591
4.24031405992
4.25287392558
4.26555557334
4.27836115774
4.29129288765
4.30435302945
4.3175439081
4.33086790954
4.34432748287
4.35792514225
4.37166346912
4.38554511501
4.39957280386
4.41374933413
4.42807758224
4.44256050489
4.45720114224
4.47200262107
4.4869681574
4.50210106109
4.51740473796
4.5328826946
4.54853854177
4.56437599829
4.580398896
4.59661118347
4.61301693116
4.6296203362
4.64642572761
4.66343757161
4.68066047789
4.69809920486
4.71575866628
4.73364393851
4.75176026657
4.77011307236
4.78870796171
4.80755073392
4.82664738859
4.8460041366
4.86562740877
4.88552386674
4.90570041313
4.92616420387
4.94692265988
4.96798348023
4.98935465571
5.01104448366
5.03306158288
5.05541491098
5.07811378095
5.10116788025
5.12458729107
5.14838251002
5.17256447278
5.1971445763
5.22213470571
5.2475472613
5.27339518825
5.29969200839
5.32645185322
5.35368950145
5.38142041729
5.40966079242
5.43842759162
5.46773860143
5.49761248234
5.52806882583
5.55912821598
5.59081229544
5.62314383782
5.65614682565
5.68984653521
5.72426962943
5.75944425734
5.79540016546
5.83216881638
5.8697835203
5.90827957957
5.94769444529
5.98806789194
6.02944220758
6.07186240559
6.11537645687
6.16003554816
6.20589436877
6.25301142878
6.30144941346
6.35127558089
6.40256220397
6.45538706939
6.50983403833
6.56599367732
6.62396397435
6.68385114964
6.74577057911
6.80984784931
6.87621996419
6.9450367359
7.0164623852
7.09067740149
7.16788070224
7.24829216007
7.33215556869
7.41974214404
7.51135467899
7.60733249945
7.70805741713
7.81396092092
7.9255329303
8.04333252723
8.16800122409
8.30027951041
8.44102769014
8.59125239614
8.75214072168
8.925104713
9.11184019028
9.31440572828
9.53533057227
9.77776501867
10.0456946967
10.3442538241
10.6801969348
11.0626343832
11.5042275957
12.0232313647
12.6472072423
13.4203324151
14.419379475
15.7941997581
17.8962783431
21.8959815645
